solid OpenSCAD_Model
  facet normal 0.923681 0.382611 0.0205263
    outer loop
      vertex 20 0 0
      vertex 17.2284 2.82842 72
      vertex 18.4 0 72
    endloop
  endfacet
  facet normal 0.923684 0.382606 0.0205266
    outer loop
      vertex 17.2284 2.82842 72
      vertex 20 0 0
      vertex 14.1421 14.1421 0
    endloop
  endfacet
  facet normal -0.382597 -0.923687 0.020525
    outer loop
      vertex -13.0108 -13.0108 72
      vertex -14.1421 -14.1421 0
      vertex -2.82842 -17.2284 72
    endloop
  endfacet
  facet normal 0.382597 0.923687 0.020525
    outer loop
      vertex 14.1421 14.1421 0
      vertex 2.82842 17.2284 72
      vertex 13.0108 13.0108 72
    endloop
  endfacet
  facet normal -0.382606 -0.923684 0.0205266
    outer loop
      vertex 0 -20 0
      vertex -2.82842 -17.2284 72
      vertex -14.1421 -14.1421 0
    endloop
  endfacet
  facet normal -0.382611 -0.923681 0.0205263
    outer loop
      vertex -2.82842 -17.2284 72
      vertex 0 -20 0
      vertex 0 -18.4 72
    endloop
  endfacet
  facet normal 0.382606 0.923684 0.0205266
    outer loop
      vertex 0 20 0
      vertex 2.82842 17.2284 72
      vertex 14.1421 14.1421 0
    endloop
  endfacet
  facet normal 0.382611 0.923681 0.0205263
    outer loop
      vertex 2.82842 17.2284 72
      vertex 0 20 0
      vertex 0 18.4 72
    endloop
  endfacet
  facet normal 0 0 -1
    outer loop
      vertex 14.1421 -14.1421 0
      vertex 18.4 0 0
      vertex 20 0 0
    endloop
  endfacet
  facet normal 0 0 -1
    outer loop
      vertex 14.1421 -14.1421 0
      vertex 13.0108 -13.0108 0
      vertex 18.4 0 0
    endloop
  endfacet
  facet normal 0 0 -1
    outer loop
      vertex 0 -20 0
      vertex 13.0108 -13.0108 0
      vertex 14.1421 -14.1421 0
    endloop
  endfacet
  facet normal 0 0 -1
    outer loop
      vertex 0 -20 0
      vertex 0 -18.4 0
      vertex 13.0108 -13.0108 0
    endloop
  endfacet
  facet normal 0 0 -1
    outer loop
      vertex 0 -20 0
      vertex -13.0108 -13.0108 0
      vertex 0 -18.4 0
    endloop
  endfacet
  facet normal 0 0 -1
    outer loop
      vertex -14.1421 -14.1421 0
      vertex -13.0108 -13.0108 0
      vertex 0 -20 0
    endloop
  endfacet
  facet normal 0 0 -1
    outer loop
      vertex -14.1421 -14.1421 0
      vertex -18.4 0 0
      vertex -13.0108 -13.0108 0
    endloop
  endfacet
  facet normal -0 -0 -1
    outer loop
      vertex -18.4 0 0
      vertex -14.1421 -14.1421 0
      vertex -20 0 0
    endloop
  endfacet
  facet normal 0 0 -1
    outer loop
      vertex 18.4 0 0
      vertex 14.1421 14.1421 0
      vertex 20 0 0
    endloop
  endfacet
  facet normal 0 0 -1
    outer loop
      vertex 13.0108 13.0108 0
      vertex 14.1421 14.1421 0
      vertex 18.4 0 0
    endloop
  endfacet
  facet normal 0 0 -1
    outer loop
      vertex 0 18.4 0
      vertex 14.1421 14.1421 0
      vertex 13.0108 13.0108 0
    endloop
  endfacet
  facet normal 0 0 -1
    outer loop
      vertex 0 18.4 0
      vertex 0 20 0
      vertex 14.1421 14.1421 0
    endloop
  endfacet
  facet normal 0 0 -1
    outer loop
      vertex -13.0108 13.0108 0
      vertex 0 20 0
      vertex 0 18.4 0
    endloop
  endfacet
  facet normal 0 0 -1
    outer loop
      vertex -13.0108 13.0108 0
      vertex -14.1421 14.1421 0
      vertex 0 20 0
    endloop
  endfacet
  facet normal 0 0 -1
    outer loop
      vertex -18.4 0 0
      vertex -14.1421 14.1421 0
      vertex -13.0108 13.0108 0
    endloop
  endfacet
  facet normal 0 0 -1
    outer loop
      vertex -14.1421 14.1421 0
      vertex -18.4 0 0
      vertex -20 0 0
    endloop
  endfacet
  facet normal 0.923687 0.382597 0.020525
    outer loop
      vertex 14.1421 14.1421 0
      vertex 13.0108 13.0108 72
      vertex 17.2284 2.82842 72
    endloop
  endfacet
  facet normal 0.923681 -0.382611 0.0205263
    outer loop
      vertex 17.2284 -2.82842 72
      vertex 20 0 0
      vertex 18.4 0 72
    endloop
  endfacet
  facet normal 0.923684 -0.382606 0.0205266
    outer loop
      vertex 20 0 0
      vertex 17.2284 -2.82842 72
      vertex 14.1421 -14.1421 0
    endloop
  endfacet
  facet normal -0.382611 0.923681 0.0205263
    outer loop
      vertex 0 20 0
      vertex -2.82842 17.2284 72
      vertex 0 18.4 72
    endloop
  endfacet
  facet normal -0.382606 0.923684 0.0205266
    outer loop
      vertex -2.82842 17.2284 72
      vertex 0 20 0
      vertex -14.1421 14.1421 0
    endloop
  endfacet
  facet normal -0.382597 0.923687 0.020525
    outer loop
      vertex -2.82842 17.2284 72
      vertex -14.1421 14.1421 0
      vertex -13.0108 13.0108 72
    endloop
  endfacet
  facet normal -0.923684 0.382606 0.0205266
    outer loop
      vertex -20 0 0
      vertex -17.2284 2.82842 72
      vertex -14.1421 14.1421 0
    endloop
  endfacet
  facet normal -0.923681 0.382611 0.0205263
    outer loop
      vertex -17.2284 2.82842 72
      vertex -20 0 0
      vertex -18.4 0 72
    endloop
  endfacet
  facet normal -0.923687 -0.382597 0.020525
    outer loop
      vertex -13.0108 -13.0108 72
      vertex -17.2284 -2.82842 72
      vertex -14.1421 -14.1421 0
    endloop
  endfacet
  facet normal -0.923681 -0.382611 0.0205263
    outer loop
      vertex -20 0 0
      vertex -17.2284 -2.82842 72
      vertex -18.4 0 72
    endloop
  endfacet
  facet normal -0.923684 -0.382606 0.0205266
    outer loop
      vertex -17.2284 -2.82842 72
      vertex -20 0 0
      vertex -14.1421 -14.1421 0
    endloop
  endfacet
  facet normal 0.382611 -0.923681 0.0205263
    outer loop
      vertex 0 -20 0
      vertex 2.82842 -17.2284 72
      vertex 0 -18.4 72
    endloop
  endfacet
  facet normal 0.382606 -0.923684 0.0205266
    outer loop
      vertex 2.82842 -17.2284 72
      vertex 0 -20 0
      vertex 14.1421 -14.1421 0
    endloop
  endfacet
  facet normal -0.923687 0.382597 0.020525
    outer loop
      vertex -14.1421 14.1421 0
      vertex -17.2284 2.82842 72
      vertex -13.0108 13.0108 72
    endloop
  endfacet
  facet normal 0.382597 -0.923687 0.020525
    outer loop
      vertex 13.0108 -13.0108 72
      vertex 2.82842 -17.2284 72
      vertex 14.1421 -14.1421 0
    endloop
  endfacet
  facet normal 0.923687 -0.382597 0.020525
    outer loop
      vertex 17.2284 -2.82842 72
      vertex 13.0108 -13.0108 72
      vertex 14.1421 -14.1421 0
    endloop
  endfacet
  facet normal -0.923882 -0.382677 0
    outer loop
      vertex 13.0108 13.0108 0
      vertex 17.2284 2.82842 72
      vertex 13.0108 13.0108 72
    endloop
  endfacet
  facet normal -0.923881 -0.38268 -5.24889e-07
    outer loop
      vertex 18.4 0 0
      vertex 17.2284 2.82842 72
      vertex 13.0108 13.0108 0
    endloop
  endfacet
  facet normal -0.923876 -0.382692 0
    outer loop
      vertex 17.2284 2.82842 72
      vertex 18.4 0 0
      vertex 18.4 0 72
    endloop
  endfacet
  facet normal 0.923882 -0.382677 0
    outer loop
      vertex -17.2284 2.82842 72
      vertex -13.0108 13.0108 0
      vertex -13.0108 13.0108 72
    endloop
  endfacet
  facet normal 0.923876 -0.382692 0
    outer loop
      vertex -18.4 0 0
      vertex -17.2284 2.82842 72
      vertex -18.4 0 72
    endloop
  endfacet
  facet normal 0.923881 -0.38268 -5.24889e-07
    outer loop
      vertex -17.2284 2.82842 72
      vertex -18.4 0 0
      vertex -13.0108 13.0108 0
    endloop
  endfacet
  facet normal -0.382692 -0.923876 0
    outer loop
      vertex 0 18.4 0
      vertex 2.82842 17.2284 72
      vertex 0 18.4 72
    endloop
  endfacet
  facet normal -0.38268 -0.923881 -5.24889e-07
    outer loop
      vertex 13.0108 13.0108 0
      vertex 2.82842 17.2284 72
      vertex 0 18.4 0
    endloop
  endfacet
  facet normal -0.382677 -0.923882 0
    outer loop
      vertex 2.82842 17.2284 72
      vertex 13.0108 13.0108 0
      vertex 13.0108 13.0108 72
    endloop
  endfacet
  facet normal 0.382677 -0.923882 0
    outer loop
      vertex -13.0108 13.0108 0
      vertex -2.82842 17.2284 72
      vertex -13.0108 13.0108 72
    endloop
  endfacet
  facet normal 0.38268 -0.923881 -5.24889e-07
    outer loop
      vertex 0 18.4 0
      vertex -2.82842 17.2284 72
      vertex -13.0108 13.0108 0
    endloop
  endfacet
  facet normal 0.382692 -0.923876 0
    outer loop
      vertex -2.82842 17.2284 72
      vertex 0 18.4 0
      vertex 0 18.4 72
    endloop
  endfacet
  facet normal -0.382677 0.923882 0
    outer loop
      vertex 13.0108 -13.0108 0
      vertex 2.82842 -17.2284 72
      vertex 13.0108 -13.0108 72
    endloop
  endfacet
  facet normal -0.38268 0.923881 -5.24889e-07
    outer loop
      vertex 0 -18.4 0
      vertex 2.82842 -17.2284 72
      vertex 13.0108 -13.0108 0
    endloop
  endfacet
  facet normal -0.382692 0.923876 0
    outer loop
      vertex 2.82842 -17.2284 72
      vertex 0 -18.4 0
      vertex 0 -18.4 72
    endloop
  endfacet
  facet normal 0.923876 0.382692 0
    outer loop
      vertex -17.2284 -2.82842 72
      vertex -18.4 0 0
      vertex -18.4 0 72
    endloop
  endfacet
  facet normal 0.923882 0.382677 -0
    outer loop
      vertex -13.0108 -13.0108 0
      vertex -17.2284 -2.82842 72
      vertex -13.0108 -13.0108 72
    endloop
  endfacet
  facet normal 0.923881 0.38268 -5.24889e-07
    outer loop
      vertex -17.2284 -2.82842 72
      vertex -13.0108 -13.0108 0
      vertex -18.4 0 0
    endloop
  endfacet
  facet normal -0.923876 0.382692 0
    outer loop
      vertex 18.4 0 0
      vertex 17.2284 -2.82842 72
      vertex 18.4 0 72
    endloop
  endfacet
  facet normal -0.923881 0.38268 -5.24889e-07
    outer loop
      vertex 13.0108 -13.0108 0
      vertex 17.2284 -2.82842 72
      vertex 18.4 0 0
    endloop
  endfacet
  facet normal -0.923882 0.382677 0
    outer loop
      vertex 17.2284 -2.82842 72
      vertex 13.0108 -13.0108 0
      vertex 13.0108 -13.0108 72
    endloop
  endfacet
  facet normal 0.382692 0.923876 -0
    outer loop
      vertex 0 -18.4 0
      vertex -2.82842 -17.2284 72
      vertex 0 -18.4 72
    endloop
  endfacet
  facet normal 0.38268 0.923881 -5.24889e-07
    outer loop
      vertex -13.0108 -13.0108 0
      vertex -2.82842 -17.2284 72
      vertex 0 -18.4 0
    endloop
  endfacet
  facet normal 0.382677 0.923882 0
    outer loop
      vertex -2.82842 -17.2284 72
      vertex -13.0108 -13.0108 0
      vertex -13.0108 -13.0108 72
    endloop
  endfacet
endsolid OpenSCAD_Model
